2.34V, 3.9V, 0.47V, 0.78V, 4.52V, 2.96V



A3 = 2,  4,  6,  8,  10,   12,   14,   16
A2 =   3,4,    7,8,     11,12,      15,16
A1 =       5,6,7,8,           13,   15,16
A0 =               9,10,11,12,13,14,15,16


| PIN | Voltage (V) |
| ---- | ----------- |
| 0    | 0.00        |
| 1    | 0.00        |
| 2    | 0.33        |
| 3    | 0.67        |
| 4    | 1.00        |
| 5    | 1.33        |
| 6    | 1.67        |
| 7    | 2.00        |
| 8    | 2.33        |
| 9    | 2.67        |
| 10   | 3.00        |
| 11   | 3.33        |
| 12   | 3.67        |
| 13   | 4.00        |
| 14   | 4.33        |
| 15   | 4.67        |
| 16   | 5.00        |


0001 0011 0100 1100 0111 1001
100011000010001111101001
000100110100110001111001
